#1

# Table

# columns: t [s], x [m], y [m], normForce [N]

double Paths(13,4)

0.0 0.29700000000000004 0.0 0.0

2.860116988200482 0.2 0.10507936507936509 0.0

2.860116988200482 0.2 0.10507936507936509 1.0

7.357524768774975 0.11999999999999997 -0.10507936507936509 1.0

7.357524768774975 0.11999999999999997 -0.10507936507936509 0.0

11.854932549349467 0.2 0.10507936507936509 0.0

11.854932549349467 0.2 0.10507936507936509 1.0

16.35234032992396 0.27999999999999997 -0.10507936507936509 1.0

16.35234032992396 0.27999999999999997 -0.10507936507936509 0.0

19.306598139227283 0.14984126984126983 -0.03523809523809524 0.0

19.306598139227283 0.14984126984126983 -0.03523809523809524 1.0

21.31294734557649 0.2501587301587302 -0.03523809523809524 1.0

21.31294734557649 0.2501587301587302 -0.03523809523809524 0.0

