#1

# Table

# columns: t [s], x [m], y [m], normForce [N]

double Paths(9,4)

0.0 0.29700000000000004 0.0 0.0

4.14332927769799 0.13000000000000003 0.12259259259259256 0.0

4.14332927769799 0.13000000000000003 0.12259259259259256 1.0

9.047032981401692 0.13000000000000003 -0.12259259259259256 1.0

9.047032981401692 0.13000000000000003 -0.12259259259259256 0.0

9.047032981401692 0.13000000000000003 -0.12259259259259256 0.0

9.047032981401692 0.13000000000000003 -0.12259259259259256 1.0

11.847032981401691 0.27 -0.12259259259259256 1.0

11.847032981401691 0.27 -0.12259259259259256 0.0

